67 26
679.1620483398438 855.1968994140625
660.3009643554688 847.0849609375
654.91650390625 843.136962890625

1196.3701171875 782.510009765625
1186.96826171875 780.7093505859375
1174.55859375 784.0076904296875

590.0027465820312 765.349609375
594.0763549804688 777.7413330078125
604.571533203125 784.2012939453125

1666.6259765625 1011.3154296875
1683.5953369140625 1010.9315185546875
1698.646240234375 1012.978271484375

526.2506103515625 491.51318359375
529.0111694335938 498.042724609375
535.7984619140625 496.8738708496094

1679.064208984375 441.4356994628906
1688.986328125 444.4399719238281
1696.7342529296875 444.0965576171875

336.90887451171875 655.2257690429688
328.68865966796875 662.8616943359375
317.79132080078125 659.642333984375

1058.9285888671875 572.2185668945312
1063.9227294921875 573.7254638671875
1067.18310546875 573.772216796875

267.64013671875 721.1680297851562
270.4555358886719 725.6619873046875
270.2509765625 723.2083740234375

947.0714111328125 445.6030578613281
953.6080322265625 447.06072998046875
961.9107055664062 450.65447998046875

704.2648315429688 678.9241943359375
729.3209228515625 695.3572998046875
751.8460693359375 701.6385498046875

1783.58984375 641.8078002929688
1785.412109375 642.20703125
1781.81982421875 641.7423095703125

1235.574951171875 596.9764404296875
1239.318115234375 598.1904907226562
1250.3685302734375 602.7794189453125

1391.44580078125 505.4361572265625
1399.268798828125 509.0559387207031
1404.3323974609375 512.0809936523438

273.4542236328125 708.45751953125
272.3527526855469 713.306640625
274.44744873046875 712.5980224609375

818.978759765625 547.689453125
818.38427734375 547.1414184570312
818.1737670898438 549.3775634765625

701.68359375 665.2516479492188

700.4208984375 627.8974609375
701.7380981445312 610.1942138671875
706.5496826171875 610.5901489257812

628.0331420898438 444.0731506347656
634.2696533203125 452.3094482421875
648.4267578125 472.8298034667969

639.56689453125 464.5640869140625

251.08316040039062 744.3737182617188
244.79251098632812 747.9825439453125
244.21060180664062 748.1260986328125

1389.73583984375 600.4456176757812
1380.872314453125 602.5380859375

694.0369873046875 640.5703125
684.698974609375 651.4120483398438

590.8845825195312 780.1300048828125

134.6739044189453 1064.086181640625
150.19830322265625 1061.65771484375

253.83026123046875 735.2830200195312

